0.1897948	-0.3149558	-0.2196273	-0.05198955	-0.06659239	-0.0002614176	0.002264993	0.004020543	0.004311501	0.006993761	0.005716926	-0.001498005	-0.003837364	0.0005378405	-0.002492998	0.002389841	0.0002199866	-0.00188683	-0.002299907	0.004311501	-0.002845015	-0.004081602	0.005232878	-0.001337099	0.001344366	-0.004274693	0.005232878	
-0.1559172	0.2286322	-0.1478689	0.02271581	0.1095541	-0.0001451295	-0.003613041	0.001479474	0.00312944	-0.0004056479	0.00446973	0.001713269	-0.003802558	0.0007146495	-0.001687906	-0.003907049	-0.0002780244	-0.001207395	-0.001308639	0.00312944	-0.002563511	-0.0007051127	0.002440496	-0.001574428	0.002114651	-0.001084381	0.002440496	
0.1200574	-0.07490236	0.1600061	0.2082109	-0.1409973	0.005187438	0.00202177	-0.002073785	-0.005367956	-0.000326918	-0.00728701	-0.0007010471	0.008843836	0.00350167	0.004668099	0.00163538	0.002671679	0.004434813	0.003215616	-0.005367956	0.005705586	-0.0001828996	-0.002540356	-0.001815902	-0.004175738	0.001269583	-0.002540356	
-0.5102698	0.2296433	-0.1747297	0.001048307	0.001504726	-0.0001139623	-0.003782619	0.004025442	0.006329149	0.002997313	0.008830525	0.001587929	-0.006874784	0.001418907	-0.003423627	-0.004144365	-0.0001602182	-0.00245512	-0.002859265	0.006329149	-0.004777553	-0.003075661	0.005962456	-0.002951777	0.003451157	-0.003640024	0.005962456	
0.4506304	-0.5160893	0.5905048	0.1989563	0.03860904	0.004641669	0.0007075719	-0.009515704	-0.01391624	-0.01158553	-0.01884184	0.0005739781	0.01640482	0.001293872	0.009182854	0.0004298407	0.001962206	0.007605058	0.007412854	-0.01391624	0.01128702	0.007219331	-0.0126713	0.002053926	-0.007221967	0.008989332	-0.0126713	
-0.1291617	-0.4536683	-0.01381536	-0.1482744	-0.1767454	-0.001843239	0.003371114	0.003449022	0.003866798	0.006584014	0.005004735	-0.002061519	-0.004201843	-0.00105658	-0.002812966	0.003771761	-0.0005194869	-0.002461689	-0.002377584	0.003866798	-0.002979802	-0.003198081	0.004151576	0.0002699209	0.001388877	-0.003633463	0.004151576	
-0.1416596	-0.08560579	-0.6574504	0.1156295	-0.07044984	0.003537624	-0.002314572	0.0111452	0.0131646	0.01462216	0.01812716	0.0003548231	-0.01078574	0.006092983	-0.005943006	-0.003116844	0.002110874	-0.003535808	-0.005794844	0.0131646	-0.008082223	-0.01126502	0.0159596	-0.008648343	0.004842738	-0.01141318	0.0159596	
-0.05430918	-0.1991938	-0.1268349	-0.3090895	0.1647889	-0.007117924	-0.001523541	0.002183961	0.006117609	0.0003715383	0.00822639	0.0003798819	-0.01069337	-0.005132306	-0.00574812	-0.0008829266	-0.003601748	-0.005624957	-0.003885664	0.006117609	-0.006845297	0.0006525093	0.002430286	0.003146687	0.004945252	-0.001209947	0.002430286	
-0.2562903	0.2183323	0.1278274	-0.528075	0.3814694	-0.01370783	-0.004075747	-0.003262385	0.002919754	-0.01033996	0.003865235	0.001937312	-0.01235034	-0.01166873	-0.00620062	-0.002781002	-0.007359071	-0.007294241	-0.003067895	0.002919754	-0.007178516	0.008466627	-0.005449628	0.009629626	0.006149724	0.005333903	-0.005449628	
-0.102494	0.2146688	-0.07838368	0.08560291	-0.001152733	0.00164564	-0.001333545	0.000818486	0.0008026626	0.000612867	0.001214242	0.0006606992	1.782071E-05	0.001739455	0.0001506315	-0.001639163	0.0007656642	0.0004683961	-7.33183E-05	0.0008026626	-0.0001123141	-0.001097255	0.001454015	-0.00183327	0.0001328107	-0.0008733051	0.001454015	
0.1166478	0.171109	-0.2948784	-0.1394257	-0.02164335	-0.00314675	0.002502023	0.003645705	0.004937402	0.005978013	0.006479464	-0.001674258	-0.006229986	-0.00197499	-0.003826498	0.002978215	-0.001232615	-0.003456196	-0.00302504	0.004937402	-0.004256769	-0.002784278	0.004386308	0.0008032301	0.002403489	-0.003585736	0.004386308	
-0.1755418	-0.1298978	0.04734367	0.1438067	-0.2198016	0.00429291	0.001794971	0.001586701	-0.0003919922	0.004363073	-0.000531809	-0.0009181767	0.003471615	0.003735193	0.001645693	0.001418453	0.002369135	0.002063593	0.0006700754	-0.0003919922	0.001938281	-0.003272807	0.002422502	-0.003177476	-0.001825923	-0.00229719	0.002422502	
0.2240002	-0.08204735	0.04398483	-0.5236158	0.1464471	-0.01226118	0.003777418	-0.001676723	0.001607028	-0.002582895	0.001641184	-0.00215368	-0.008610137	-0.01104703	-0.005147027	0.005487361	-0.005968311	-0.006327027	-0.002752872	0.001607028	-0.005001826	0.005105677	-0.004036723	0.009832871	0.003463109	0.002711521	-0.004036723	
-0.07554972	-0.3111552	0.03961359	0.1210211	0.2316491	0.002354799	-0.007397963	-0.0006565016	0.0007645283	-0.005306529	0.00154861	0.003895723	-0.0006994612	0.002705168	0.0005366079	-0.008225159	0.0006003977	0.00097032	0.0004532651	0.0007645283	-0.0004324346	0.001108489	0.0002109225	-0.003055538	0.001236069	0.001191832	0.0002109225	
0.006229472	-0.09398562	0.1850387	-0.2472501	0.2057392	-0.006313135	-0.001691375	-0.003448086	-0.001129377	-0.007319676	-0.001594402	0.0009601288	-0.003286208	-0.005899545	-0.001506469	-0.001041642	-0.003463025	-0.002385084	-0.0002142643	-0.001129377	-0.001580413	0.00569285	-0.005205316	0.005485956	0.001779739	0.004400645	-0.005205316	
-0.08452445	0.003051501	-0.1782046	-0.3686789	0.04670129	-0.008304708	0.001733207	0.003132701	0.006659373	0.00358268	0.008734813	-0.001394734	-0.01132082	-0.006277057	-0.006516004	0.002741678	-0.003911933	-0.006468215	-0.004536143	0.006659373	-0.007313305	-0.0004033292	0.00322828	0.004249407	0.004804812	-0.002383191	0.00322828	
-0.3647982	-0.4692047	-0.1422079	-0.1719913	0.05598496	-0.003078444	-0.003515505	0.005144415	0.00882761	0.004042503	0.01213478	0.001269167	-0.01110179	-0.0007775344	-0.005808832	-0.003544593	-0.00158304	-0.004802573	-0.004514182	0.00882761	-0.007506234	-0.003158623	0.007156934	-0.001523375	0.00529296	-0.004453273	0.007156934	
-0.01653273	0.3187633	-0.3591651	-0.04385397	0.2077961	-0.002042537	-0.004271632	0.003285045	0.006362375	0.001211055	0.008855953	0.001840985	-0.008234699	-0.0003060054	-0.004091236	-0.004439017	-0.001201925	-0.00333419	-0.003111751	0.006362375	-0.005518682	-0.001635159	0.004799137	-0.001430526	0.004143463	-0.002614645	0.004799137	
0.2845128	-0.1069097	0.02339475	0.05723703	-0.1496479	0.001946706	0.004628913	-0.0004014991	-0.00287333	0.002979929	-0.004137061	-0.002266838	0.004909664	0.0009263479	0.002143212	0.004777049	0.001310597	0.001899839	0.001366227	-0.00287333	0.003112321	-0.001101223	-0.0008882447	9.400975E-05	-0.002766452	-0.0003242376	-0.0008882447	
-0.03327284	-0.1513531	-0.1153302	-0.3052166	0.5318288	-0.008520946	-0.009227947	-0.0003382062	0.006201403	-0.008567056	0.008771912	0.004474615	-0.01320149	-0.005978321	-0.006117747	-0.008977116	-0.005001595	-0.006089862	-0.003603007	0.006201403	-0.008144124	0.004851438	-0.000282436	0.003435696	0.007083742	0.002336698	-0.000282436	
0.1206333	0.3264216	0.1247021	-0.1688055	0.5779393	-0.006664455	-0.008925279	-0.006645652	-0.002470519	-0.0166355	-0.002987553	0.004903145	-0.0036675	-0.006109044	-0.0007468169	-0.008733844	-0.004328159	-0.001819262	0.0008810402	-0.002470519	-0.001484232	0.01008337	-0.008790542	0.005553632	0.002920683	0.008455512	-0.008790542	
0.2410376	0.1649294	0.06325886	-0.5594532	0.2605492	-0.0139379	0.002366129	-0.003497191	0.0005157641	-0.006416034	0.0002003963	-0.001332819	-0.008917939	-0.01272687	-0.00509493	0.004192027	-0.007001209	-0.006621318	-0.00235752	0.0005157641	-0.004969508	0.007635568	-0.006549969	0.01151585	0.00382301	0.004898158	-0.006549969	
-0.2411314	-0.1041302	0.0755537	-0.01126225	0.09513313	-0.0004337043	-0.003825521	-0.0002973471	0.001118027	-0.003062177	0.001740902	0.001961311	-0.002106428	4.392698E-05	-0.000682294	-0.004067866	-0.0005195299	-0.0005370498	-0.000349907	0.001118027	-0.001296409	0.001098606	-6.858765E-06	-0.0005215582	0.001424134	0.0007662185	-6.858765E-06	
0.1760096	0.138686	0.1060671	-0.2864069	-0.2465116	-0.00585241	0.01011045	-0.001149287	-0.002510783	0.003831417	-0.004176717	-0.005232359	0.0006758692	-0.006403996	-0.0008322587	0.01157907	-0.002239869	-0.001946606	-0.0002694979	-0.002510783	0.0006870434	0.001307093	-0.003377982	0.006955582	-0.001508128	0.0007443323	-0.003377982	
-0.005516447	0.1286899	0.4300513	0.2870452	0.2374959	0.005001748	-0.006916309	-0.008555797	-0.01026183	-0.01526943	-0.0134021	0.0043898	0.01162507	0.002794849	0.007461711	-0.007846229	0.001613678	0.006528339	0.006188186	-0.01026183	0.008144652	0.007532705	-0.01042254	-0.000587952	-0.004163363	0.00880623	-0.01042254	
0.01402592	-0.1968417	0.09165121	-0.2787621	0.2550449	-0.006964994	-0.002798094	-0.001967796	0.001348341	-0.006166668	0.001824285	0.00138085	-0.006290679	-0.00591786	-0.003061911	-0.00219051	-0.003807837	-0.003633101	-0.001443587	0.001348341	-0.003625222	0.004720621	-0.003110176	0.004870727	0.003228769	0.003102298	-0.003110176	
0.4650351	0.3181164	0.3200182	0.1127719	-0.01206755	0.001680515	0.003985125	-0.007944618	-0.01189014	-0.007906968	-0.01636233	-0.001316597	0.01323027	-0.001160356	0.006996206	0.004264505	0.0007878049	0.005364893	0.005786647	-0.01189014	0.009179845	0.006182733	-0.01120724	0.004001227	-0.006234068	0.007392292	-0.01120724	
-0.2423541	-0.3220452	0.07489989	-0.1209941	0.154832	-0.002752789	-0.004473585	0.0002226276	0.002925799	-0.003306424	0.004178306	0.002178383	-0.005443387	-0.001658672	-0.002450627	-0.004515156	-0.001713059	-0.002292236	-0.001514902	0.002925799	-0.003413546	0.001517626	0.0005394091	0.0005645564	0.00299276	0.0005819005	0.0005394091	
0.1535041	-0.3005964	-0.1964107	-0.05951258	-0.1101013	-0.0002977265	0.003090412	0.004029373	0.004054458	0.007548628	0.005316477	-0.001920473	-0.003450654	0.0004066542	-0.002381541	0.003283308	0.0002641555	-0.001823902	-0.002234799	0.004054458	-0.002599532	-0.004222279	0.005144651	-0.001111035	0.001069114	-0.00436902	0.005144651	
0.32222	-0.262651	0.166503	-0.02959157	-0.2974947	0.0007072237	0.008977199	-0.001275111	-0.004941815	0.00439596	-0.007244619	-0.004447051	0.006960676	-0.0008692045	0.002762682	0.00962048	0.0009737241	0.002036305	0.001912631	-0.004941815	0.004534198	-0.0006200778	-0.002727866	0.002445632	-0.004197994	0.000229973	-0.002727866	
0.3712388	0.123606	-0.1313802	0.008878052	0.4094712	-0.001561083	-0.006175953	-0.002350034	-0.0001623007	-0.00771711	0.0001141715	0.003296688	-0.00206973	-0.001123843	-0.0003200031	-0.006432608	-0.001356784	-0.000480771	0.0002780049	-0.0001623007	-0.001034482	0.003823289	-0.00267157	0.0006866024	0.001749727	0.003225281	-0.00267157	
-0.1229125	0.06885061	-0.1712706	-0.05267036	0.005325487	-0.001160551	-0.0007274331	0.002902717	0.004316629	0.003250795	0.005882462	9.330209E-05	-0.00501138	-0.0001193744	-0.002742658	-0.0007112612	-0.0005083832	-0.002218002	-0.002226138	0.004316629	-0.003453683	-0.00219983	0.003952031	-0.0009218024	0.002268721	-0.00271635	0.003952031	
-0.2592236	0.4296985	-0.2611542	-0.09700478	-0.3672439	-0.001252047	0.007339261	0.005782657	0.005158795	0.01258385	0.006535414	-0.004260893	-0.004270108	-0.0004624679	-0.003397672	0.007934745	0.0001819657	-0.002810631	-0.003195135	0.005158795	-0.003277993	-0.006286839	0.006956739	-0.0003271103	0.0008724366	-0.006489377	0.006956739	
0.1352134	-0.01923288	-0.1073362	-0.1397077	0.007509085	-0.003085577	0.002011428	0.0012068	0.002058971	0.002302984	0.002597846	-0.001218656	-0.003537234	-0.00249251	-0.002221548	0.002491505	-0.001348711	-0.00227574	-0.001574289	0.002058971	-0.002296908	-0.0004299878	0.001098415	0.001899443	0.001315686	-0.001077247	0.001098415	
-0.7145185	-0.05195117	-0.2038105	-0.2660036	-0.152342	-0.004973077	6.944928E-05	0.007422119	0.01119085	0.009143145	0.01508127	-0.0008050182	-0.01385675	-0.002205788	-0.007821451	0.0004869037	-0.00216518	-0.006698318	-0.006177295	0.01119085	-0.009445302	-0.005277243	0.009668386	-0.0005615001	0.006035297	-0.0069214	0.009668386	
-0.03335032	0.2764973	0.0249474	-0.04939881	-0.3387777	-0.0003020663	0.00823082	0.0008016569	-0.001703404	0.006530181	-0.002822869	-0.004270543	0.003072665	-0.001074316	0.0006617591	0.008888302	0.0005028549	0.0003145439	0.000236724	-0.001703404	0.00187538	-0.002093098	0.0001072268	0.001846566	-0.002410906	-0.001668063	0.0001072268	
-0.0589135	0.303917	-0.1097009	0.02615167	-0.06351081	0.0004087911	0.001074746	0.001216201	0.000972688	0.00248679	0.001267529	-0.0006370081	-0.0004550332	0.0005173746	-0.0004139144	0.001087758	0.0003416065	-0.0002276567	-0.0004915888	0.000972688	-0.0004241242	-0.001469924	0.001588717	-0.000625958	4.111871E-05	-0.001392249	0.001588717	
0.07279696	0.5658174	0.2571149	0.02686748	-0.5209731	0.001409948	0.01331386	-0.003184435	-0.009078055	0.0048192	-0.01311263	-0.006476399	0.01222538	-0.001324328	0.005177162	0.0142531	0.001567657	0.003876864	0.003743184	-0.009078055	0.008057132	0.0001707849	-0.00578503	0.004058603	-0.007048224	0.001604762	-0.00578503	
-0.1509035	-0.09154485	-0.1510131	0.1873725	0.1111509	0.004090751	-0.005975569	0.002428876	0.003395072	0.000290917	0.005082748	0.00296531	-0.001822935	0.004759149	-0.0003372394	-0.006949899	0.001721037	0.0006820384	-0.0006881188	0.003395072	-0.001505416	-0.002630857	0.004467432	-0.005427548	0.001485695	-0.002279977	0.004467432	
0.3771105	0.2031994	0.5507304	-0.06269135	0.2534234	-0.003223194	-0.0003897136	-0.01202212	-0.01345242	-0.01756428	-0.01834625	0.001106017	0.01072359	-0.005720417	0.006262607	0.0001845717	-0.002195367	0.003866002	0.006161988	-0.01345242	0.00812575	0.01245496	-0.01681533	0.008217641	-0.004460987	0.01255558	-0.01681533	
0.5263648	-0.4674053	0.3188882	0.4497993	0.09566005	0.01015832	-0.002992867	-0.006451601	-0.01109239	-0.008575588	-0.01463714	0.002369681	0.0164905	0.00711121	0.009599447	-0.004241715	0.00460127	0.0091018	0.007049988	-0.01109239	0.01089394	0.0031053	-0.007446896	-0.004064105	-0.006891054	0.005654759	-0.007446896	
0.7705603	-0.2636195	0.3091779	0.3723287	0.07324824	0.008104065	0.000538277	-0.007833847	-0.01318034	-0.008591661	-0.01774245	0.0006238781	0.01787756	0.004612886	0.009967544	-0.0001768246	0.003769565	0.008896613	0.007547296	-0.01318034	0.01196613	0.004485944	-0.009975711	-0.001121707	-0.007910015	0.006906192	-0.009975711	
0.1852142	0.013862	0.3904679	-0.06770322	-0.03269906	-0.001758401	0.003663873	-0.006499177	-0.008593054	-0.006912633	-0.01194886	-0.001377066	0.007820074	-0.003591181	0.004023965	0.00427716	-0.0009035277	0.002500936	0.003714215	-0.008593054	0.005677543	0.006058878	-0.009545236	0.005423961	-0.003796108	0.006368629	-0.009545236	
-0.1872657	0.1635424	-0.09725151	-0.1259159	-0.05732761	-0.002767235	0.001250496	0.002159583	0.003370789	0.003180787	0.004435476	-0.0009009034	-0.004739303	-0.001887908	-0.002814709	0.001616447	-0.001202574	-0.002629349	-0.002120742	0.003370789	-0.003166009	-0.001299677	0.002530304	0.001008581	0.001924594	-0.001993644	0.002530304	
-0.2446328	0.2336442	-0.06035411	-0.141706	-0.446719	-0.001774539	0.009640682	0.003840583	0.00217655	0.0113243	0.002328274	-0.005287183	-0.001295252	-0.001684341	-0.001991971	0.01051284	4.182106E-06	-0.001930445	-0.001963299	0.00217655	-0.001176382	-0.004689027	0.003963635	0.001594143	-0.0006967192	-0.004717698	0.003963635	
0.4128251	-0.3890788	-0.1140205	0.004463542	-0.02031766	0.0008211567	0.002440038	0.001407342	0.0005744276	0.003755515	0.0006538411	-0.001336337	0.0004604078	0.0007366815	-8.276154E-05	0.002508786	0.0006606159	8.112709E-05	-0.0003311253	0.0005744276	0.0001275692	-0.002029925	0.001735119	-0.0006522067	-0.0005431695	-0.001781561	0.001735119	
0.01332607	0.06739716	0.093114	-0.06817735	0.1258339	-0.002196493	-0.001586934	-0.002348948	-0.001474813	-0.004797192	-0.001964846	0.0009388896	-0.0003078744	-0.002224154	8.77006E-05	-0.001415408	-0.00133179	-0.0003746703	0.0005224099	-0.001474813	9.917343E-05	0.003234556	-0.00327369	0.002251816	0.000395575	0.002799846	-0.00327369	
-0.2303704	0.0200248	-0.5723214	-0.2937882	-0.06618282	-0.005891258	0.001504317	0.010238	0.01456085	0.01377281	0.01955186	-0.001799097	-0.01737849	-0.002418088	-0.01000731	0.002080348	-0.002392805	-0.008489468	-0.008051989	0.01456085	-0.01195	-0.007857836	0.01327369	-0.001055083	0.00737118	-0.009813162	0.01327369	
-0.2395943	0.1260948	0.2927079	-0.4077103	-0.1690742	-0.008884608	0.006905627	-0.002493924	-0.00184785	-0.0008518891	-0.003158723	-0.003578017	-0.002530542	-0.008857333	-0.002166594	0.008494182	-0.004068993	-0.003504742	-0.000801172	-0.00184785	-0.001137846	0.004168745	-0.005170219	0.008830059	0.0003639483	0.002803323	-0.005170219	
0.1066275	-0.3532663	0.09921306	0.231247	-0.2170982	0.006515955	0.002611942	0.0002626358	-0.003214838	0.003589924	-0.004361822	-0.001157038	0.007751118	0.005129623	0.003932883	0.002074727	0.003490709	0.004172231	0.002307202	-0.003214838	0.004739105	-0.002933887	0.0007413317	-0.003743291	-0.003818235	-0.001308207	0.0007413317	
0.3261237	-0.01998782	0.1842815	0.1970543	-0.4919247	0.006107421	0.01146116	-0.001493162	-0.008255341	0.006983746	-0.01176142	-0.005532269	0.01406855	0.003229561	0.006370673	0.01169276	0.003871051	0.005742451	0.004121036	-0.008255341	0.008941055	-0.002698635	-0.002749607	-0.0003517022	-0.007697878	-0.0004489978	-0.002749607	
-0.1739108	-0.3150986	0.1669046	-0.432813	0.06145301	-0.009496207	0.001456855	-0.0006572574	0.0025423	-0.002096852	0.003124278	-0.0009731157	-0.00820101	-0.008206237	-0.004666276	0.002654224	-0.004703916	-0.005374269	-0.002668314	0.0025423	-0.004913078	0.003610013	-0.002073242	0.006916267	0.003534733	0.001612051	-0.002073242	
-0.3007279	0.01017067	-0.07136589	-0.03565542	-0.08423648	-0.0003689493	-0.0002138931	0.002838727	0.003740048	0.00368573	0.005087773	-0.000139248	-0.003852884	0.000454462	-0.002167107	-0.0002458177	-7.388101E-05	-0.001642793	-0.00186801	0.003740048	-0.002730376	-0.002500675	0.003887355	-0.001277873	0.001685777	-0.002799772	0.003887355	
-0.02698682	-0.289645	-0.2870338	0.1678702	0.4407125	0.002808398	-0.0126922	0.002776512	0.006647024	-0.004005456	0.009878232	0.006320547	-0.007085778	0.00462998	-0.002418148	-0.01405072	0.0005857123	-0.001008522	-0.002006191	0.006647024	-0.004852239	-0.00134009	0.005595763	-0.006451563	0.00466763	-0.001752046	0.005595763	
-0.2816528	0.004799505	0.2016348	0.07687937	0.3897669	0.0001558555	-0.01090991	-0.004168768	-0.001491199	-0.01299261	-0.001361054	0.005912725	-0.0006454019	0.0004199116	0.001089466	-0.01169154	-0.0009298449	0.0009555554	0.001487433	-0.001491199	1.66212E-05	0.005773491	-0.00443659	-0.0006839677	0.001734868	0.005375525	-0.00443659	
0.1731543	0.389886	0.255244	0.1895185	-0.2456355	0.004290577	0.006071645	-0.004708385	-0.00965508	-0.001459155	-0.01338371	-0.002571766	0.01317481	0.001572291	0.006624034	0.006153881	0.002405524	0.005613686	0.004916097	-0.00965508	0.008748587	0.001886244	-0.006729082	0.001145994	-0.006550774	0.003594181	-0.006729082	
0.09682019	0.4114918	-0.369157	-0.1446449	0.1677953	-0.004331774	-0.001346221	0.00296315	0.005891015	0.00219858	0.007978987	0.0003082172	-0.008663299	-0.002649047	-0.004675277	-0.00102168	-0.002149715	-0.004270031	-0.003397796	0.005891015	-0.005703092	-0.001063101	0.003773642	0.0009663206	0.003988022	-0.002340581	0.003773642	
-0.04095661	0.4332747	0.139466	0.02115702	0.2263786	-0.001216191	-0.004208415	-0.004722435	-0.0039155	-0.009595033	-0.005098519	0.002502585	0.002129206	-0.001697577	0.001810596	-0.004303535	-0.001142132	0.001108961	0.002030845	-0.0039155	0.001868069	0.005586846	-0.006125705	0.002178963	-0.0003186106	0.005366597	-0.006125705	
-0.03690625	-0.1271159	0.008591373	-0.09973139	0.1972355	-0.002769585	-0.003785695	-0.0005706114	0.001714233	-0.003944387	0.002489117	0.001893592	-0.004159215	-0.001963537	-0.001807722	-0.003756022	-0.001705585	-0.001838885	-0.0009705108	0.001714233	-0.002515957	0.002147221	-0.0006329376	0.001157489	0.002351494	0.00131001	-0.0006329376	
0.08485675	-0.190931	-0.285996	-0.1053208	-0.5764089	0.0003437671	0.01318024	0.008006949	0.005265945	0.01991197	0.006367488	-0.007375326	-0.00219213	0.0006996162	-0.003028859	0.01400496	0.001525387	-0.002283164	-0.003418705	0.005265945	-0.002226127	-0.009945221	0.009498339	-0.001055465	-0.0008367286	-0.009555375	0.009498339	
-0.1206744	0.3203958	-0.0923624	0.2517595	-0.09472301	0.005566716	-0.0009433561	0.001123561	-0.0005450358	0.002187095	-0.000541035	0.0005542967	0.003886173	0.005012308	0.002220263	-0.001667002	0.002784044	0.002778672	0.001107446	-0.0005450358	0.002218948	-0.002793472	0.002240379	-0.0044579	-0.00166591	-0.001680655	0.002240379	
-0.07917295	-0.1424008	0.4282333	-0.3198513	0.3350732	-0.00851324	-0.003978599	-0.007273145	-0.004191657	-0.01461963	-0.005674854	0.002379101	-0.002218337	-0.008419983	-0.0005377079	-0.003181746	-0.004915879	-0.002114163	0.001132004	-0.004191657	-0.0004553685	0.01043697	-0.01042605	0.008326726	0.001680629	0.00876726	-0.01042605	
-0.01195981	-0.379116	-0.3199998	-0.06178913	-0.5629633	0.001639582	0.01124141	0.009455413	0.007198464	0.02090939	0.009145436	-0.006469319	-0.00359794	0.002388218	-0.003603459	0.0117403	0.002097733	-0.002405123	-0.004053158	0.007198464	-0.003299002	-0.0114079	0.01185208	-0.003136855	-5.519063E-06	-0.0109582	0.01185208	
0.1550708	0.4011265	-0.1890118	0.3701522	0.3500222	0.006400909	-0.009737434	-0.001506123	-0.001129553	-0.007117364	-0.0007805633	0.005280601	0.003227956	0.006125416	0.003003001	-0.01118569	0.002424435	0.003627485	0.002103026	-0.001129553	0.002052487	0.0009321793	-0.0002571574	-0.005849923	-0.000224954	0.001832155	-0.0002571574	
-0.3997199	0.09532625	-0.1723596	-0.2189654	-0.102624	-0.004458658	0.001270159	0.004778922	0.007295976	0.006418752	0.009726867	-0.001180619	-0.009566735	-0.002613123	-0.005539906	0.001775881	-0.001935	-0.004954549	-0.004279728	0.007295976	-0.006461022	-0.003182984	0.005949635	0.0007675884	0.004026829	-0.004443162	0.005949635	
0.3429849	-0.4309806	-0.3063309	-0.3086051	0.1288128	-0.006541005	0.001372766	0.004207502	0.007398346	0.005225267	0.009806446	-0.001247798	-0.0109732	-0.004495733	-0.006309866	0.002132769	-0.003002065	-0.005947039	-0.00462742	0.007398346	-0.007245478	-0.001952271	0.004933156	0.00245046	0.004663331	-0.003634717	0.004933156	
0.2922803	-0.0004676778	0.1794039	-0.2830698	-0.07669345	-0.00627031	0.00713762	-0.003252501	-0.003928582	-0.001146977	-0.005934376	-0.003554244	0.001172971	-0.006920027	-0.0001396461	0.008464564	-0.002768794	-0.001495722	0.0005667125	-0.003928582	0.001229612	0.003945678	-0.005964654	0.007569745	-0.001312617	0.003239319	-0.005964654	
-0.06009421	0.1693478	0.1427851	-0.4386793	0.1453576	-0.01078067	0.001536318	-0.002895369	0.0002637271	-0.005421178	-1.096453E-05	-0.000865264	-0.006827053	-0.009856287	-0.003860937	0.002929598	-0.005445967	-0.005060008	-0.001737489	0.0002637271	-0.003779226	0.006136177	-0.005293509	0.00893191	0.002966116	0.004012728	-0.005293509	
0.1990271	0.06351366	0.6281356	-0.01506866	-0.2772337	8.636509E-05	0.00914348	-0.008983518	-0.01429687	-0.006258828	-0.01998795	-0.003906484	0.01553937	-0.003393424	0.007663012	0.01002426	0.0003257154	0.005451725	0.006394511	-0.01429687	0.01079108	0.006798234	-0.01340609	0.006873212	-0.007876361	0.008066736	-0.01340609	
0.3683901	0.2343209	0.01966924	-0.252198	-0.2007631	-0.00540414	0.01024115	-0.0012764	-0.00289504	0.003845588	-0.004695524	-0.005274865	0.001355254	-0.006082439	-0.0004715144	0.01167192	-0.002009956	-0.001593699	-2.762881E-05	-0.00289504	0.001120841	0.001250116	-0.00352077	0.006760738	-0.001826769	0.0008062299	-0.00352077	
0.1976054	-0.07823128	0.2427149	-0.1690912	-0.6161583	-0.001553141	0.01691618	-0.0005782282	-0.005879965	0.01014079	-0.009059666	-0.008619012	0.007993981	-0.003553641	0.002342363	0.01841723	0.0004633981	0.001163162	0.001521063	-0.005879965	0.005172181	-0.00189369	-0.00293663	0.005554141	-0.005651619	-0.00107239	-0.00293663	
0.03460558	0.121395	0.1697298	0.6116319	0.1663137	0.01275682	-0.008954635	-0.004660261	-0.007886034	-0.009494123	-0.009850012	0.00533634	0.01389829	0.01046987	0.008854971	-0.01099566	0.005542852	0.00917795	0.006245035	-0.007886034	0.0090014	0.001580917	-0.004014303	-0.008182909	-0.005043322	0.004190853	-0.004014303	
0.06319373	-0.338264	0.4614908	-0.1652552	0.081044	-0.003804815	0.0006775633	-0.00641502	-0.006635034	-0.009256224	-0.009158323	7.620311E-05	0.004048405	-0.004887755	0.002313988	0.001287943	-0.002155166	0.0008736398	0.002671397	-0.006635034	0.003322874	0.007203892	-0.009295718	0.005970695	-0.001734417	0.006846483	-0.009295718	
0.05520683	-0.280295	-0.08323802	0.3923857	-0.1523037	0.009912942	-0.001058836	0.002474795	-0.000596029	0.004962544	-0.0004919807	0.0006309745	0.006685848	0.008970216	0.003736349	-0.002308723	0.005025771	0.004783123	0.001746851	-0.000596029	0.003753625	-0.005528342	0.004568342	-0.008027492	-0.002949499	-0.003538843	0.004568342	
-0.3309272	0.09901117	0.3877764	-0.01941903	-0.06377416	-0.000570035	0.0001230044	-0.004423049	-0.005290541	-0.006143956	-0.007214067	0.0002896833	0.004717525	-0.001628661	0.00269584	0.0002855333	-0.0004774481	0.00183094	0.002502114	-0.005290541	0.003465173	0.004324891	-0.00615285	0.002687288	-0.002021685	0.004518617	-0.00615285	
0.1817201	-0.1207235	0.03138052	-0.08424954	-0.1342304	-0.001245062	0.004949117	7.884993E-06	-0.001179903	0.003030764	-0.001936222	-0.00256021	0.001317634	-0.001647905	0.0001194751	0.005473897	-0.0002547419	-0.000234001	7.010806E-05	-0.001179903	0.0008654238	-0.0004497246	-0.0006990672	0.002050748	-0.001198159	-0.0004003576	-0.0006990672	
-0.3205019	0.1136239	0.0845387	-0.4233357	0.6335091	-0.01208766	-0.0114029	-0.003513783	0.004460195	-0.01520824	0.006445505	0.005741013	-0.01424623	-0.009475445	-0.006340914	-0.01085512	-0.00710515	-0.00696782	-0.003101792	0.004460195	-0.008394889	0.009433786	-0.004767595	0.00686323	0.007905313	0.006194664	-0.004767595	
0.03405577	-0.1056697	0.4721419	0.1254487	-0.4576486	0.004372407	0.009679037	-0.004448989	-0.01060254	0.00132495	-0.01488853	-0.004429329	0.01485024	0.001254879	0.00709717	0.01002712	0.002729682	0.005928712	0.0051481	-0.01060254	0.009783641	0.000981905	-0.006785905	0.001862649	-0.00775307	0.002930975	-0.006785905	
-0.383466	0.1510119	-0.4068457	-0.08116916	-0.1759151	-0.00100949	0.001190889	0.008359829	0.01035921	0.01208712	0.01398424	-0.001335645	-0.01030907	0.001173901	-0.006034293	0.001229651	-4.186416E-05	-0.004592655	-0.005292542	0.01035921	-0.007383927	-0.007710083	0.01124311	-0.003357291	0.004274776	-0.008451834	0.01124311	
-0.02033103	0.3295109	-0.3981337	0.146227	-0.1668718	0.003660424	0.001816374	0.00581005	0.005089911	0.01005422	0.006902821	-0.001300934	-0.002167584	0.00429964	-0.00156883	0.001428174	0.00224265	-0.0003951354	-0.002103307	0.005089911	-0.002062846	-0.007024205	0.008157438	-0.004938856	0.0005987547	-0.006489726	0.008157438	
0.1420974	0.05027669	-0.3988816	0.1586352	0.5398498	0.001688099	-0.01298636	0.002040355	0.006290591	-0.005471662	0.00938284	0.006498259	-0.007518614	0.003550244	-0.002600278	-0.01422662	-3.397643E-05	-0.001370174	-0.001968238	0.006290591	-0.005024428	-0.0002142688	0.004500564	-0.005412388	0.004918335	-0.0008463092	0.004500564	
0.2846312	0.3913417	-0.1657197	0.2703546	0.2484089	0.004513359	-0.005511703	-0.001702358	-0.00205371	-0.004997166	-0.002341685	0.003086763	0.003747185	0.003984087	0.002777601	-0.006414824	0.001782435	0.003018899	0.002007033	-0.00205371	0.002447345	0.001020749	-0.001219764	-0.003454815	-0.0009695837	0.001791318	-0.001219764	
-0.1194994	-0.06882844	-0.2544637	-0.2970348	-0.0598768	-0.006103169	0.002730896	0.005220495	0.008010415	0.007627757	0.01056729	-0.00201137	-0.01100863	-0.004042305	-0.006522374	0.003526727	-0.002633687	-0.00602636	-0.004957523	0.008010415	-0.007382916	-0.003291117	0.006212523	0.001981441	0.004486256	-0.004855967	0.006212523	
-0.17596	-0.06931237	-0.4460112	0.1099705	0.1323133	0.002462377	-0.006419536	0.006881904	0.009725278	0.005761108	0.01367329	0.00277057	-0.00900115	0.004617537	-0.004346722	-0.007333992	0.001068235	-0.00255387	-0.003984415	0.009725278	-0.006483681	-0.006175489	0.01046761	-0.006772697	0.004654428	-0.006537797	0.01046761	
0.2120113	0.04679098	-0.07620915	0.3218068	0.7262442	0.004389443	-0.01747462	-0.004350877	-0.001187156	-0.01666107	-0.0004408571	0.009400691	0.0004601397	0.00469701	0.002503351	-0.01924011	0.0007010619	0.002942083	0.002372186	-0.001187156	0.0006365423	0.005647789	-0.003473413	-0.005004577	0.002043211	0.005778954	-0.003473413	
-0.5776616	-0.1543454	-0.4150906	-0.3796167	-0.04328319	-0.007639798	-0.0007719916	0.009875809	0.01560174	0.01135582	0.0210602	-0.0006614021	-0.01994219	-0.003672495	-0.01112827	-0.0001683516	-0.00346114	-0.009637117	-0.008652125	0.01560174	-0.01349874	-0.006520347	0.01285812	-0.0002948079	0.00881392	-0.008996494	0.01285812	
-0.1237493	0.3833524	0.04303057	0.1006151	-0.113043	0.002035338	0.001395356	-0.0008806163	-0.002395342	0.0001813583	-0.003288772	-0.0005763021	0.003866133	0.001281179	0.001977531	0.001291874	0.001090508	0.00183826	0.001362642	-0.002395342	0.002497084	-0.0001145559	-0.001159157	-0.0005270191	-0.001888602	0.0005003332	-0.001159157	
-0.3634123	0.09422002	0.1545374	0.03767226	0.07131767	0.000389511	-0.004140872	-0.001559387	-0.0006717762	-0.004824573	-0.0006519355	0.002252208	6.699788E-05	0.0004385097	0.0005843013	-0.004475258	-0.0001854722	0.0005551429	0.0006624582	-0.0006717762	0.0001941535	0.00205685	-0.001617704	-0.0004875083	0.0005173034	0.001978693	-0.001617704	
-0.06204855	-0.1229861	-0.03445216	0.5451788	-0.4389971	0.01415788	0.003146869	0.003188173	-0.002876262	0.009720176	-0.003738208	-0.001444213	0.01241123	0.01213819	0.006349485	0.001730685	0.007512599	0.007507227	0.003172057	-0.002876262	0.007214118	-0.008387975	0.005503656	-0.0101185	-0.006061749	-0.005210547	0.005503656	
0.1826594	-0.2532226	-0.1237036	0.06858086	0.5393717	-3.238088E-05	-0.01180634	-0.001180807	0.00259415	-0.009515614	0.004242176	0.00611427	-0.004848771	0.00114789	-0.001190886	-0.01269629	-0.0009572763	-0.0007231304	-0.0004783698	0.00259415	-0.002955984	0.003190667	-0.0002452975	-0.00232816	0.003657885	0.002478151	-0.0002452975	
-0.02774413	-0.2709277	0.2028179	0.1529719	0.0925626	0.00339788	-0.003914599	-0.002706554	-0.003391983	-0.005569286	-0.004286449	0.002323212	0.004632112	0.002602144	0.003095793	-0.004547694	0.001295283	0.002997063	0.002398787	-0.003391983	0.00313937	0.002064701	-0.002904014	-0.001806407	-0.001536319	0.002761708	-0.002904014	
-0.1207071	-0.02188749	-0.396157	0.08949522	-0.2426992	0.003295928	0.002536854	0.007887566	0.007565021	0.0133155	0.01021443	-0.001852619	-0.004622689	0.004444193	-0.003061565	0.002204085	0.002206926	-0.001560414	-0.003414452	0.007565021	-0.003827311	-0.008975859	0.01088987	-0.005592457	0.001561124	-0.008622971	0.01088987	
0.1027513	-0.04281775	-0.1095504	0.2852337	-0.1619065	0.007148007	0.001048736	0.002020472	-0.0007581903	0.005113263	-0.0009111757	-0.0004882605	0.005495415	0.006302041	0.002837134	0.0002835396	0.003770877	0.003530115	0.001298186	-0.0007581903	0.003110501	-0.004525768	0.003406434	-0.005456074	-0.002658281	-0.002986819	0.003406434	
-0.2920969	0.0575276	0.32568	-0.2067869	-0.07508477	-0.004626077	0.002350027	-0.003263804	-0.002970308	-0.003983695	-0.004299012	-0.001064056	0.0003540716	-0.004963105	-4.72141E-06	0.003119789	-0.002300975	-0.0009963982	0.0006499278	-0.002970308	0.0006716937	0.004233715	-0.005247157	0.005300132	-0.000358793	0.003579065	-0.005247157	
-0.7124161	-0.04255417	0.2156977	0.4591296	-0.63381	0.01280461	0.004041001	0.003081176	-0.002765637	0.009861237	-0.003676762	-0.001931631	0.01161966	0.01087928	0.005808252	0.002849056	0.006893278	0.006822458	0.002868717	-0.002765637	0.006754789	-0.007981453	0.005109586	-0.008953949	-0.005811403	-0.005041917	0.005109586	
0.4018001	-0.6033452	-0.374766	0.1064937	-0.09244525	0.003948386	0.00186427	0.006447197	0.005745971	0.01102996	0.007799143	-0.00136991	-0.002601352	0.004696279	-0.001830127	0.00143454	0.002420058	-0.0005248456	-0.002387516	0.005745971	-0.002410848	-0.007729145	0.009057758	-0.005444171	0.0007712255	-0.007171757	0.009057758	
0.390256	-0.3535231	0.2602071	-0.1000462	-0.2129666	-0.001128494	0.008386169	-0.003089794	-0.006242311	0.001082094	-0.009023692	-0.004049465	0.006914549	-0.002781855	0.002858249	0.009226951	-7.733949E-05	0.001730228	0.002332908	-0.006242311	0.004735847	0.001814876	-0.005345835	0.004435217	-0.0040563	0.002340216	-0.005345835	
-0.1290945	-0.056437	0.1155004	-0.008669652	-0.08040842	0.0001525095	0.00098319	-0.000542729	-0.00107109	-5.700602E-05	-0.001511806	-0.0004511133	0.001316697	-0.000137174	0.000617991	0.00105326	0.0001262682	0.0004669579	0.0004793404	-0.00107109	0.0008883626	0.0002847398	-0.000844795	0.0004268576	-0.0006987058	0.0004233903	-0.000844795	
-0.1846563	-0.1084015	0.05341976	0.355549	-0.6320981	0.01057443	0.008556499	0.003609233	-0.002752586	0.01309507	-0.003990202	-0.00434395	0.01108203	0.008605232	0.004947328	0.007956319	0.006133137	0.005678909	0.002246551	-0.002752586	0.006412059	-0.008506321	0.005072394	-0.006636036	-0.006134705	-0.005805544	0.005072394	
-0.012831	-0.2553377	0.1069351	-0.1224545	-0.2697883	-0.001366827	0.006681948	0.0009567389	-0.000548435	0.005467477	-0.001186082	-0.003526205	0.000981038	-0.001720818	-0.0003025348	0.007336068	-0.0001429888	-0.0005861914	-0.0003728687	-0.000548435	0.0005567136	-0.001602665	0.0003894257	0.002074808	-0.001283573	-0.001532331	0.0003894257	
