-0.002151229
-0.8425945
-1
1
-1
-0.2839911
-0.1272179
-0.9900572
1
-0.1317384
0.5938514
-0.2083565
-1
0.09548124
0.6209871
-0.8240968
-0.05423861
0.1314216
0.5249096
0.5931361
0.7773636
0.9327325
1
0.398573
-0.2147912
0.4536469
-1
0.8484831
-1
0.3430617
0.1609662
-1
-1
1
-0.7286972
-1
-0.7208264
1
-0.9753395
-0.01479648
0.0507574
1
0.3817131
1
-1
-0.5278691
1
0.09537157
-1
-0.03619283
0.1355886
-1
0.1376847
-1
-1
-1
0.8629809
0.528307
-1
-1
0.5860383
0.4259492
-0.8227376
0.6951997
-0.774304
1
-1
0.5936172
1
-1
-0.2084606
-1
-0.6735233
-0.4274237
0.08931749
0.5680277
0.945656
-0.8522929
0.02639061
-0.4077186
-0.5852563
-0.07670277
-0.03422923
0.3534978
-0.4710007
1
0.6396974
0.005078488
-1
0.001276352
-0.8174191
1
0.6249774
-1
-0.7385751
-1
-0.2117012
-0.3677792
0.4082236
0.7200321
0.6068406
1
-0.3479539
0.01006001
-0.9073566
1
-1
0.8391487
0.326742
1
-1
0.002875481
0.952239
0.2827429
-0.04852598
-0.1810466
0.4127315
0.2314499
0.1383004
-0.5034505
1
0.1945192
-1
0.5136364
-0.3691286
-0.9366326
0.01366618
1
0.01209515
0.4085757
1
-0.2202571
-0.9029501
1
0.9417438
0.3983978
-0.8838789
-1
-0.4124247
0.7756084
-1
-0.5242949
-0.8765782
1
1
-0.7972727
-1
1
-0.01944474
1
0.4301491
0.07383548
0.1208399
1
-0.4480776
1
0.4122917
-0.8641202
0.8162436
-0.2935618
0.5549539
0.1042921
-1
-0.8079606
0.07908899
1
0.9696723
0.6127474
0.4300659
-0.195949
0.5015164
-0.170552
0.6798206
-0.4475669
-0.6767988
0.9204361
0.3195362
-0.592929
1
1
-0.06418769
-1
-0.7472419
-1
0.362181
0.1903229
-0.4115307
1
-1
0.6029891
1
-0.2573207
-0.4645111
-0.1731983
0.6411474
0.6250091
1
-0.8592457
0.1709179
-0.4446189
